6.823046875000000000e+01
1.146445312500000000e+02
6.709765625000000000e+01
1.346523437500000000e+02
6.709765625000000000e+01
1.577382812500000000e+02
6.709765625000000000e+01
1.808242187500000000e+02
7.162890625000000000e+01
2.023710937500000000e+02
8.295703125000000000e+01
2.162226562500000000e+02
9.768359375000000000e+01
2.254570312500000000e+02
1.124101562500000000e+02
2.316132812500000000e+02
1.271367187500000000e+02
2.331523437500000000e+02
1.418632812500000000e+02
2.331523437500000000e+02
1.565898437500000000e+02
2.331523437500000000e+02
1.701835937500000000e+02
2.300742187500000000e+02
1.826445312500000000e+02
2.208398437500000000e+02
1.917070312500000000e+02
2.069882812500000000e+02
1.985039062500000000e+02
1.885195312500000000e+02
2.030351562500000000e+02
1.715898437500000000e+02
2.041679687500000000e+02
1.515820312500000000e+02
8.408984375000000000e+01
9.617578125000000000e+01
9.485156250000000000e+01
8.848046875000000000e+01
1.067460937500000000e+02
8.540234375000000000e+01
1.180742187500000000e+02
8.694140625000000000e+01
1.288359375000000000e+02
9.078906250000000000e+01
1.650859375000000000e+02
9.771484375000000000e+01
1.758476562500000000e+02
9.848437500000000000e+01
1.854765625000000000e+02
1.007929687500000000e+02
1.956718750000000000e+02
1.054101562500000000e+02
2.030351562500000000e+02
1.177226562500000000e+02
1.429960937500000000e+02
1.223398437500000000e+02
1.418632812500000000e+02
1.331132812500000000e+02
1.395976562500000000e+02
1.454257812500000000e+02
1.384648437500000000e+02
1.577382812500000000e+02
1.203398437500000000e+02
1.638945312500000000e+02
1.282695312500000000e+02
1.669726562500000000e+02
1.361992187500000000e+02
1.700507812500000000e+02
1.441289062500000000e+02
1.700507812500000000e+02
1.520585937500000000e+02
1.700507812500000000e+02
9.428515625000000000e+01
1.161835937500000000e+02
1.010820312500000000e+02
1.115664062500000000e+02
1.169414062500000000e+02
1.146445312500000000e+02
1.226054687500000000e+02
1.223398437500000000e+02
1.146757812500000000e+02
1.223398437500000000e+02
9.994921875000000000e+01
1.208007812500000000e+02
1.611210937500000000e+02
1.284960937500000000e+02
1.701835937500000000e+02
1.238789062500000000e+02
1.849101562500000000e+02
1.284960937500000000e+02
1.894414062500000000e+02
1.346523437500000000e+02
1.837773437500000000e+02
1.377304687500000000e+02
1.690507812500000000e+02
1.331132812500000000e+02
1.033476562500000000e+02
1.854414062500000000e+02
1.169414062500000000e+02
1.839023437500000000e+02
1.305351562500000000e+02
1.823632812500000000e+02
1.350664062500000000e+02
1.839023437500000000e+02
1.395976562500000000e+02
1.839023437500000000e+02
1.509257812500000000e+02
1.885195312500000000e+02
1.622539062500000000e+02
1.946757812500000000e+02
1.520585937500000000e+02
1.992929687500000000e+02
1.429960937500000000e+02
2.008320312500000000e+02
1.328007812500000000e+02
1.992929687500000000e+02
1.226054687500000000e+02
1.962148437500000000e+02
1.124101562500000000e+02
1.915976562500000000e+02
1.044804687500000000e+02
1.854414062500000000e+02
1.192070312500000000e+02
1.869804687500000000e+02
1.339335937500000000e+02
1.900585937500000000e+02
1.475273437500000000e+02
1.931367187500000000e+02
1.599882812500000000e+02
1.946757812500000000e+02
1.475273437500000000e+02
1.931367187500000000e+02
1.339335937500000000e+02
1.900585937500000000e+02
1.192070312500000000e+02
1.869804687500000000e+02
